Topik 1,Topik 2,Topik 3,Topik 4,Topik 5,Topik 6,Category
0.7306682885778746,0.010945049437811613,0.01094504925383521,0.2255515157160996,0.010945048634988892,0.010945048379390102,Sports
0.9379804468043782,0.012399999140995497,0.01239999902858223,0.01241955783948415,0.012399998689301283,0.012399998497258705,Sports
0.6648626947385431,0.011140696452542403,0.01114069632926154,0.2905745208557131,0.011140695886803394,0.011140695737136613,Sports
0.009065442909446688,0.009063134440983958,0.009063134097113523,0.9546820229870594,0.009063133031834267,0.009063132533562158,Sports
0.009329330599808923,0.00932914296612222,0.009329142792948199,0.953354099409297,0.009329142194128335,0.00932914203769518,Sports
0.00826025844378951,0.008257667481321033,0.008257667234818147,0.9587090745818647,0.008257666275496222,0.008257665982710315,Sports
0.3094410306838922,0.010364092722274865,0.01036409239391241,0.6491026020757641,0.010364091266725503,0.010364090857430862,Sports
0.009339602050328601,0.009337451633102206,0.009337451470434,0.9533105925770048,0.00933745154783507,0.009337450721295257,Sports
0.009125469296961366,0.009124713320821692,0.009124713283595936,0.9543756786436722,0.00912471276508433,0.009124712689864528,Sports
0.010206970950724977,0.010206230464982233,0.01020623023840197,0.9489681097116408,0.010206229459372839,0.010206229174877264,Sports
0.011635021869759543,0.011634229124172222,0.01163422908199763,0.9418280620432352,0.011634228960008573,0.01163422892082676,Sports
0.011567113091998454,0.011566448235573457,0.011566447708807154,0.9421670997061363,0.011566445906274496,0.011566445351210201,Sports
0.00838532141037965,0.008380944337830494,0.008380944107105144,0.9580909035178972,0.0083809435780454,0.008380943048742057,Sports
0.011522210594050423,0.011520902999039332,0.0115209028291923,0.9423941789062857,0.011520902543240218,0.011520902128191955,Sports
0.009857437875685172,0.009856830870198872,0.009856830498361387,0.9507152422748502,0.009856829223770156,0.009856829257134436,Sports
0.010234338865168368,0.010234147933461711,0.010234147819415604,0.9488290706923399,0.010234147405902505,0.01023414728371189,Sports
0.010346918416798894,0.01034662917983178,0.010346628999002825,0.9482665664269058,0.01034662869592094,0.010346628281539719,Sports
0.009352670718190731,0.009352370484853628,0.009352370385846192,0.9532378489691998,0.009352369804381725,0.009352369637528044,Sports
0.00933544669961485,0.009334889500771288,0.009334889367945461,0.9533249967369744,0.009334888915826182,0.009334888778868023,Sports
0.009852329364968885,0.009852172292163638,0.009852172147441782,0.9507389831908429,0.009852171578181626,0.009852171426401119,Sports
0.011123574617168567,0.011122364799333656,0.011122364496286473,0.9443869647284326,0.011122368275128216,0.01112236308365044,Sports
0.011334029904081127,0.011333945155700633,0.011333944810459533,0.9433301925660231,0.01133394362424284,0.011333943939492618,Sports
0.46668077776444955,0.010726621441926841,0.010726621028637024,0.49041273945714664,0.010726621166224056,0.010726619141616007,Sports
0.01109292328728923,0.011092705148710537,0.011092704696226563,0.9445362610202692,0.011092703186014742,0.011092702661489684,Sports
0.008206051849123206,0.00820574991324799,0.00820574974202207,0.9589709502737821,0.00820574915086648,0.008205749070958179,Sports
0.010128936364578834,0.010128894274198212,0.010128893691188124,0.9493166628082889,0.01014807839199415,0.010148534469751754,Sports
0.01157693996583454,0.011576380077229418,0.01157637995857782,0.9421175410193058,0.011576379551916191,0.011576379427136177,Sports
0.00936611587363243,0.009359533809537626,0.009359533319541473,0.9531938754259579,0.009361410501643071,0.009359531069687597,Sports
0.008803089037787962,0.0088025636330475,0.008802563490509495,0.9559866583309417,0.008802562853135751,0.008802562654577656,Sports
0.5137862872836549,0.010900831093141872,0.010900830927490208,0.44261039026495674,0.010900830343808295,0.010900830086948057,Sports
0.5214351562616876,0.007787097657634708,0.007787097542933933,0.44741645461027046,0.007787096929326357,0.007787096998146966,Sports
0.13476967413366578,0.008801425471534109,0.008801425041598603,0.8300246286704293,0.008801423662041912,0.008801423020730222,Sports
0.3872932791610769,0.007692435916397344,0.0076924355636606295,0.5819369816006537,0.007692434076026976,0.007692433682184573,Sports
0.009470402596532162,0.009467220936271429,0.009467220692878489,0.9526607159434991,0.009467220218792037,0.009467219612026647,Sports
0.012020231405159244,0.012020138010497313,0.012020137546143625,0.9398992210374142,0.012020135821153627,0.012020136179632088,Sports
0.5399775085942972,0.008270421324638165,0.008270421139002615,0.426940807638985,0.008270421052930813,0.008270420250146234,Sports
0.1941880329911377,0.009461500188010683,0.009461499784919504,0.7679659704220996,0.00946149836946922,0.009461498244363466,Sports
0.01078824430168805,0.010788077999565101,0.010788077710213822,0.9460594459581679,0.010788076731480111,0.010788077298884893,Sports
0.009112350205809683,0.00911015375317307,0.009110153586319515,0.9544470375980484,0.009110152519524508,0.009110152337124845,Sports
0.2709904659593667,0.009322588199393023,0.009322587664780124,0.691719186937616,0.009322585954294693,0.009322585284549418,Sports
0.9262392691775418,0.014749281711212307,0.014749281320762137,0.014763599561605134,0.014749280338276074,0.014749287890602463,Sports
0.009064624256373218,0.009064109322873506,0.009064108979513425,0.954678942235971,0.009064107807440483,0.0090641073978285,Sports
0.00808479586111974,0.008081240155525199,0.008081239896981939,0.9595902463784062,0.008081238986485597,0.008081238721481324,Sports
0.011422607957109818,0.01142218585781166,0.011422185202592937,0.9428886558700686,0.011422182921729277,0.011422182190687807,Sports
0.6955448511049601,0.013587829766400583,0.013587829672793504,0.2501038304563215,0.013587829313150149,0.013587829686374151,Sports
0.011331015907437342,0.011330878099069604,0.011330878024573606,0.9433454724658143,0.011330877793105033,0.011330877710000218,Sports
0.015021010616205834,0.015020379677584536,0.015020379202714366,0.6828567597056351,0.015020742112127826,0.25706072868573254,Sports
0.010947254118492889,0.010939778999711632,0.010939782994896776,0.9452936305957532,0.010939776950029725,0.010939776341115625,Sports
0.007192420926123468,0.007192286821512669,0.007192286412180172,0.9640384317943265,0.0071922850327469255,0.007192289013110292,Sports
0.012291812708387279,0.012291430081903367,0.01229142974398513,0.9385424707325197,0.012291428556714145,0.012291428176490319,Sports
0.009263381229350746,0.009263303715302217,0.00926330356731215,0.9536834053084664,0.00926330320575436,0.009263302973814072,Sports
0.010458896734067939,0.010457637434643034,0.010457637199575136,0.947710556083408,0.010457636404270235,0.010457636144035554,Sports
0.010150698816483167,0.010150409580755313,0.010150409202295587,0.8487681320833391,0.11062994282969289,0.010150407487433906,Sports
0.010569928795761232,0.010569673548176338,0.01056967351955201,0.947151377246129,0.010569673434929991,0.010569673455451399,Sports
0.00898827128239709,0.008988001847548837,0.008988001785542026,0.955059721934113,0.008988001589588242,0.008988001560810834,Sports
0.009686457648649175,0.009686230661677153,0.009686230610415644,0.9515686212029907,0.009686230007506983,0.009686229868760346,Sports
0.2140705520856006,0.013712567877935488,0.013712567349861024,0.7310791828560199,0.013712565853585774,0.013712563976997147,Sports
0.8032960163611204,0.012603637583295246,0.01260363729074237,0.14628943644437103,0.012603636292752232,0.012603636027718804,Sports
0.010013489461924733,0.010012185261206848,0.010012185329155283,0.9499377702681101,0.010012184886835557,0.010012184792767408,Sports
0.011405115323774393,0.011403446236991965,0.01140344555161753,0.7652129820706731,0.011403786126704101,0.18917122469023898,Sports
0.015264126613788042,0.015252823283175454,0.015252822804308208,0.9237245855221466,0.015252820952315421,0.015252820824266156,Sports
0.01144128746692008,0.011440528026987208,0.011440527827630654,0.9427966015726558,0.011440528179656297,0.011440526926149958,Sports
0.01364794801955643,0.013647524107066138,0.01364752375785971,0.9317619594784231,0.013647522585744962,0.013647522051349616,Sports
0.01016814903065728,0.010167992436233134,0.010167992344751643,0.9491598820833512,0.01016799208337259,0.010167992021634206,Sports
0.01092783930308311,0.010927540132655265,0.010927539893749573,0.9453620019689148,0.010927539045463806,0.010927539656133467,Sports
0.011916497234459093,0.011915945503385551,0.011915945419330136,0.940419721650821,0.011915945130412779,0.011915945061591307,Sports
0.009994779720731681,0.009994288085597521,0.00999428784223675,0.9500280702926484,0.009994287007989535,0.009994287050796113,Sports
0.6693114315582546,0.010639203001212181,0.010639202872679469,0.2881317577776058,0.010639202480873933,0.010639202309373954,Sports
0.25824578751421573,0.010351657641797678,0.010351657242977659,0.7003475863939648,0.010351655810502508,0.01035165539654156,Sports
0.008265847670503122,0.008265585816920154,0.008265585663905978,0.9586718107600323,0.008265585110079928,0.008265584978558596,Sports
0.011082225095236526,0.011082057641518218,0.011082057596886163,0.94458954480485,0.011082057446649616,0.011082057414859485,Sports
0.009622589109633067,0.009622353584814074,0.009622353266057109,0.9518879996633023,0.009622352412369441,0.009622351963824098,Sports
0.00963875863955801,0.009638356453783282,0.009638356077435281,0.8061423004173247,0.1553038738333461,0.009638354578552685,Sports
0.007578307944756323,0.007578277118214761,0.007578276739160514,0.9621085842787379,0.007578277020195877,0.007578276898934577,Sports
0.010119666816846973,0.010118961330048666,0.010118961214737052,0.949404489164498,0.010118960827018415,0.010118960646850831,Sports
0.007745932187668876,0.007745676675502629,0.0077456765217248326,0.9612713609933132,0.007745675948866925,0.0077456776729234724,Sports
0.2873371180615557,0.008577283394336221,0.008577283018776392,0.678353753833916,0.008577281095523468,0.008577280595892273,Sports
0.6496239486404113,0.010504444908452879,0.010504444670873114,0.30835827429440127,0.010504443920577214,0.010504443565284217,Sports
0.008930344276024208,0.00893017136554809,0.008930171174371558,0.9553489716734029,0.00893017047917935,0.008930171031473724,Sports
0.011752922122850855,0.011752734579012098,0.011752734467464769,0.9412361407508868,0.011752734115742628,0.01175273396404281,Sports
0.009843511333712017,0.009843191421598564,0.009843191187590094,0.9507837255480959,0.009843190386396463,0.0098431901226071,Sports
0.01328788367823211,0.013287524371202267,0.013287524257395392,0.9335620199703356,0.013287523938628334,0.013287523784206305,Sports
0.3480762522646792,0.009494756310719403,0.009494755620073222,0.6139447282897442,0.009494755005121978,0.009494752509662054,Sports
0.0096038176018042,0.009603485779259366,0.00960348623457655,0.9519822440832652,0.009603483565662587,0.009603482735432137,Sports
0.00982806631308303,0.00982794945722795,0.009827949388814428,0.9508601365136372,0.009827949158852236,0.009827949168385126,Sports
0.01095358808253662,0.010953503075343431,0.010953502866881897,0.9452324017790488,0.010953502167406372,0.010953502028782902,Sports
0.010119854918315012,0.010108291275051562,0.010108291061922708,0.949446982479941,0.010108290176376223,0.01010829008839366,Sports
0.011074351276864408,0.011066075231369626,0.011066075030121634,0.944661350053224,0.011066074328997077,0.011066074079423262,Sports
0.010631673831454082,0.010631375639966387,0.010631375554376004,0.9468428244528914,0.010631375316234482,0.010631375205077781,Sports
0.009916787090625944,0.009916781605587597,0.009916781287468552,0.9504160899489801,0.009916780190244652,0.009916779877093157,Sports
0.010881408904561757,0.010881261151001654,0.010881261070549472,0.9455935467541113,0.010881260790148268,0.010881261329627542,Sports
0.46085138982405904,0.01007573364977526,0.010075733227893959,0.4988456801010816,0.010075731866967063,0.010075731330222857,Sports
0.009274398751124277,0.009273281200734892,0.009273281051436119,0.953632480649719,0.009273279402851338,0.009273278944134634,Sports
0.016334424777031165,0.016331963524355845,0.3348524013009949,0.5998172977914519,0.016331957000717188,0.016331955605449075,Sports
0.01265399085999941,0.012653056883883025,0.01265305693102953,0.9367337825383968,0.012653056444835099,0.01265305634185618,Sports
0.010487878411862816,0.01048753302276406,0.010487532851787957,0.9475619913780223,0.010487532264957097,0.010487532070605581,Sports
0.008998960238925532,0.008995826770851461,0.00899582633574559,0.9550177366083517,0.008995824806670948,0.008995825239454889,Sports
0.011448226339294274,0.01144804907229585,0.011448048897939553,0.9427595790761805,0.011448048499387764,0.011448048114902097,Sports
0.008453368885945722,0.008452003628019197,0.008452003249305425,0.9577384443453477,0.008452032760628336,0.008452147130753634,Sports
0.009376185392607978,0.009375947015398947,0.009375946885617369,0.9531200279582653,0.009375946461030422,0.009375946287080047,Sports
0.5554953697325413,0.008539917359773214,0.008539917047536436,0.4103449643784588,0.008539915926220103,0.008539915555470137,Sports
0.7442770145613442,0.012290585652212577,0.012290585598812184,0.2065605421034378,0.012290687740321398,0.012290584343871846,Sports
0.010700709921934158,0.010700579152480225,0.010700579026125038,0.9464969749815743,0.010700578542424708,0.01070057837546158,Sports
0.1613519861715479,0.011305008831725886,0.01130500843646,0.7934279828622439,0.011305007071800393,0.011305006626221742,Sports
0.010088084641735093,0.010087571831076567,0.010087571754917916,0.9495616288288191,0.010087571501537631,0.010087571441913832,Sports
0.009079760324719724,0.009079480359141415,0.009079480031473545,0.9546023215213932,0.009079479222608197,0.009079478540663901,Sports
0.007889968030053903,0.00788939837998646,0.007889398116787018,0.9605524413495782,0.007889397201315653,0.00788939692227876,Sports
0.009095404635361301,0.009094943714173314,0.009094943450973487,0.9545248234425816,0.00909494252515652,0.009094942231753752,Sports
0.5176326869526864,0.011577730418030712,0.011577729979712622,0.436056396283181,0.011577728436022144,0.011577727930367392,Sports
0.554983144185321,0.007765234878465289,0.007765234522966271,0.4139559201744723,0.007765233372050349,0.0077652328667247505,Sports
0.009963058384500081,0.009960441397367245,0.009960441240273607,0.9501951775469134,0.009960440802204972,0.009960440628740725,Sports
0.009155052754235908,0.00915462187042266,0.009154621622019979,0.9542264631907882,0.009154620515201961,0.009154620047331094,Sports
0.010610078343696244,0.010609976875205089,0.01060997674524679,0.9469500154945518,0.0106099763293257,0.010609976211974464,Sports
0.009943995180568134,0.009943381789605894,0.00994338166372329,0.9502824790473968,0.009943381245167712,0.00994338107353825,Sports
0.011654988816138539,0.011654121246763023,0.011654121104128246,0.9417285276795473,0.011654120614761898,0.011654120538661078,Sports
0.3622116873079224,0.008968186659841663,0.008968186470313859,0.6019155688682302,0.008968185485945083,0.008968185207746726,Sports
0.010020647064665707,0.010020563350852213,0.010020563247407266,0.9498971005823882,0.010020562897070638,0.010020562857615973,Sports
0.011534504672061746,0.011534183719829793,0.011534183541011793,0.9423287625071517,0.011534182857111731,0.011534182702833348,Sports
0.4304445934492788,0.010744342000162034,0.010744341875351419,0.5265780399411771,0.010744341511674802,0.010744341222355685,Sports
0.009611393452277095,0.009610174610863916,0.00961017446058614,0.9519479096477932,0.00961017404526907,0.00961017378321072,Sports
0.01018683265890796,0.010186740038858078,0.010186739895564161,0.949066208583217,0.01018673948111392,0.010186739342338831,Sports
0.008897918934290382,0.008897463929581116,0.008897463651093397,0.9555122283744473,0.008897462714105865,0.008897462396482009,Sports
0.008733335559241153,0.008731707118359218,0.00873170692665528,0.9563398381134606,0.008731706247351333,0.008731706034932505,Sports
0.817971394103337,0.014934314379953113,0.014934313839520971,0.12229135425805439,0.014934312207737457,0.01493431121139718,Sports
0.011704912711638092,0.011704711685619514,0.011704711543816351,0.941476242921085,0.011704710687151391,0.011704710450689697,Sports
0.4985590185609538,0.0096651666989884,0.009665166544117278,0.462780316324937,0.00966516600507392,0.00966516586592973,Sports
0.010566270605465718,0.010566057731429311,0.010566057553190468,0.9471695011809321,0.010566056605599165,0.010566056323383234,Sports
0.014096677322672143,0.014096543277069782,0.014096542978289321,0.929517148271384,0.014096542094755884,0.014096546055828761,Sports
0.009921147607729941,0.00992094922147268,0.009920949001919085,0.9503950578114256,0.009920948266146711,0.00992094809130579,Sports
0.6882367164413541,0.014833553645454231,0.014833553471960028,0.25242907077142857,0.014833552930415564,0.014833552739387575,Sports
0.009660866428351773,0.009657647376368069,0.009657647269942232,0.9517085452769072,0.009657646888839303,0.009657646759591524,Sports
0.008899973995447471,0.008899806791546136,0.008899806480633817,0.955500801750498,0.008899805786525343,0.008899805195349237,Sports
0.5951241596939472,0.010137722503963179,0.010137722162600718,0.3643249539793896,0.01013772102404157,0.010137720636057843,Sports
0.007612226501017641,0.0076109641112057395,0.007610963927904985,0.9619439190875022,0.007610963294925283,0.0076109630774442135,Sports
0.010936520549443574,0.01093604746319193,0.010936048192434293,0.9453192898550897,0.010936046934645421,0.010936047005195038,Sports
0.010722790225488549,0.010719633249892599,0.010719632721892889,0.9463986798507322,0.010719630889320509,0.010719633062673137,Sports
0.010062318526941644,0.010062064285290192,0.010062064153704304,0.9496894258116048,0.010062063695227826,0.010062063527231296,Sports
0.009677530507063183,0.00967739759800783,0.009677397452014356,0.9516128806537425,0.009677397008649034,0.00967739678052317,Sports
0.01154090353629965,0.01154047206672935,0.011540471850748447,0.9422972100081055,0.011540471167772279,0.011540471370344946,Sports
0.3733724860013714,0.01117043701339224,0.011170436747966883,0.5819457689637823,0.0111704358006237,0.011170435472863503,Sports
0.008770929004210516,0.008768761206561464,0.008768761135485532,0.9561540269431241,0.008768760890293275,0.008768760820325058,Sports
0.014055580576133195,0.014053178847876399,0.014053178057479217,0.9297317093451919,0.014053177128498066,0.014053176044821253,Sports
0.2253993756801402,0.009992453281091239,0.009992452916808918,0.7346308160440475,0.009992451342526508,0.009992450735385499,Sports
0.008918114239518205,0.008917728755158972,0.008917728518541746,0.9554109732205374,0.008917727816418645,0.008917727449825164,Sports
0.116127583248613,0.008609122959536145,0.008609122903075491,0.8494359270634305,0.008609122457606548,0.008609121367738441,Sports
0.6536209843806587,0.010556869147940075,0.010556868933174392,0.30415154132511213,0.01055686819815888,0.010556868014955895,Sports
0.009351997328916077,0.009351517616421829,0.009351517531678857,0.9532419329460916,0.00935151739119925,0.009351517185692531,Sports
0.3643499659750079,0.010647956299905687,0.010647955894296235,0.5930582133624831,0.010647954442322416,0.01064795402598469,Sports
0.009625895790814005,0.009625392521811705,0.009625392264046559,0.9518725369547297,0.009625391382909949,0.009625391085688184,Sports
0.009332573749699929,0.009332571228388237,0.009332570595315339,0.9082115391686963,0.009337319504371926,0.054453425753528274,Sports
0.013596593191720845,0.01359607222298314,0.01359607186317011,0.9320191215269239,0.013596070632201585,0.013596070563000467,Sports
0.010395853554738125,0.0103956193823809,0.010395619006924357,0.9480216729818106,0.01039561772814237,0.01039561734600354,Sports
0.01366352758458767,0.01366316136916821,0.013663161218054153,0.9316838284239753,0.01366316076615463,0.013663160638059873,Sports
0.6963737860465897,0.01170999627615958,0.01170999615784319,0.25678623036066905,0.011709995670103454,0.01170999548863507,Sports
0.3650633512584956,0.00718454047600593,0.0071845400983798,0.6061984892210506,0.007184538848984757,0.007184540097083343,Sports
0.5521979710389202,0.01249062741269596,0.012490627005391601,0.3978395235039359,0.012490625852222348,0.012490625186834066,Sports
0.7646323537426573,0.012783271525479359,0.012783271459980242,0.18423456086229234,0.012783271253435221,0.012783271156155632,Sports
0.010538530975361634,0.010537326656183057,0.010537327822896531,0.9473121652558094,0.010537324813299947,0.010537324476449573,Sports
0.6786559294171548,0.01009242867093401,0.010092428595256933,0.2809743567044079,0.010092428348568454,0.01009242826367782,Sports
0.012122146631167598,0.01212202094495358,0.012122020418790758,0.761576207830808,0.1899272418783636,0.012130362295916292,Sports
0.4110666820900023,0.011170178380792166,0.01117017855978204,0.5442526094172533,0.01117017606172782,0.011170175490442542,Sports
0.011573130059325776,0.01157303612849099,0.011573035738524588,0.9421347291854015,0.011573034493472282,0.01157303439478482,Sports
0.4329323965170492,0.013651272839167977,0.013651272698648438,0.5124625154653083,0.013651271417820568,0.013651271062005548,Sports
0.011397287992504126,0.011396754571646829,0.01139675418625945,0.9430156979554127,0.011396752862761879,0.011396752431414867,Sports
0.6525110049336577,0.01318760196771617,0.013187605674132127,0.2947385867360427,0.013187600629496343,0.013187600058954885,Sports
0.012333373580644482,0.012332348262662897,0.012332348083317677,0.9383372353407208,0.012332347473514709,0.01233234725913947,Sports
0.011663379693985636,0.011662607596384364,0.011662607254691669,0.941686192526069,0.011662607339514406,0.011662605589355004,Sports
0.48443315669453757,0.009500011938789132,0.00950001172098851,0.47756679793457324,0.009500011029048294,0.009500010682063187,Sports
0.008179282444199992,0.008178189734376364,0.008178190975607607,0.9591079598206709,0.008178188638143463,0.008178188387001831,Sports
0.009251221434245489,0.009250757360724364,0.009250757128345838,0.9537457522851341,0.009250756045382271,0.009250755746167983,Sports
0.008101279922781259,0.008100918454825093,0.00810091811584996,0.9594950499283286,0.008100916924337358,0.008100916653877736,Sports
0.008742805378683896,0.008741626067965432,0.008741625868864105,0.9562906925979002,0.008741625152300104,0.008741624934286133,Sports
0.008045959926554843,0.008045863317929159,0.008045863118119632,0.9597705889731638,0.008045862448762884,0.008045862215469646,Sports
0.010081356603987882,0.010080743904620463,0.010080743715407226,0.9495956698366944,0.010080743069149998,0.010080742870140096,Sports
0.010074895583553997,0.010074062923561295,0.010074062583783964,0.949628857051329,0.010074061145537066,0.01007406071223475,Sports
0.01244612894269258,0.012445694836238025,0.01244569420937701,0.9377710084767301,0.012445700891413522,0.012445772643548672,Sports
0.013382995565578974,0.013381551257074784,0.013381552476703501,0.9330907998790628,0.013381550497248831,0.013381550324331038,Sports
0.9370613212884282,0.012585843392871825,0.012585843195704239,0.012595307458492884,0.012585842495376363,0.012585842169126449,Sports
0.010564900037019171,0.010564290746900256,0.010564290588903095,0.947177939082689,0.01056428993548678,0.010564289609001574,Sports
0.6159852954211291,0.010893417795999278,0.010893417661552749,0.3404410347035867,0.010893417251051286,0.010893417166680986,Sports
0.009202997184092739,0.009202511232240775,0.009202511048777501,0.9539869597998593,0.00920251044988673,0.0092025102851431,Sports
0.00974278680699675,0.009742656471129074,0.009742656307564816,0.951286586394731,0.009742655761167136,0.009742658258411236,Sports
0.010620663735677348,0.01062025004245083,0.010620249774399387,0.9468983390417032,0.010620248853079599,0.010620248552689665,Sports
0.013650855944869285,0.013650436413549039,0.013650436038332393,0.6212222561313387,0.013651178327174412,0.3241748371447361,Sports
0.15190347358871767,0.00795609879422291,0.007956098411928987,0.8162721352489177,0.007956097402137357,0.007956096554075372,Sports
0.010500985576422426,0.010500781684533361,0.01050078138756419,0.9474958904984557,0.010500780593120658,0.010500780259903409,Sports
0.008534919971103038,0.008534474949211338,0.008534474766865252,0.9573271822658651,0.00853447412528012,0.008534473921675055,Sports
0.009802440764392217,0.009802262597764401,0.009802262455709022,0.9509885105461314,0.00980226203611814,0.009802261599884845,Sports
0.010014549989119333,0.010014227864141929,0.010014227677794741,0.9499285403409167,0.010014227271016925,0.010014226857010424,Sports
0.007343968600737252,0.007343710604297574,0.007343710298396444,0.963281192363606,0.007343709289025496,0.007343708843937216,Sports
0.009640910471030256,0.009640568340954269,0.009640568249571522,0.9517968159159681,0.009640569169134647,0.009640567853341171,Sports
0.008020035266283705,0.008018450424985566,0.008018450139660805,0.9599061661489648,0.00801844916211846,0.008018448857986662,Sports
0.009591107602947556,0.009590747415717355,0.009590747248532754,0.9520459046970472,0.009590746604969709,0.009590746430785618,Sports
0.01424542137957797,0.014245275155834628,0.014245274662773203,0.6266809440347418,0.01424553454079593,0.31633755022627646,Sports
0.010837341913410382,0.01083639680330073,0.01083639649897532,0.945817074243271,0.010836395439761016,0.010836395101281681,Sports
0.46569145688968067,0.008289569515527392,0.008289569253588343,0.5011502678926346,0.008289568366387055,0.008289568082181875,Sports
0.43950456284189954,0.008879804875425862,0.008879804584110739,0.5249762210538957,0.00887980345799844,0.008879803186669645,Sports
0.010058474250591302,0.010058373949037356,0.01005837381031535,0.9497080313717802,0.010058373365232782,0.0100583732530431,Sports
0.01090636761069955,0.01090579224115985,0.010905792063464757,0.9454704651601554,0.010905791592313547,0.010905791332206783,Sports
0.010866341050962193,0.010865663337728237,0.010865663309381863,0.945671005884511,0.010865663215409509,0.010865663202007152,Sports
0.010608223477724447,0.010607309456123504,0.01060730917760563,0.9469625410011508,0.010607308295814827,0.010607308591580754,Sports
0.009913430580763665,0.009912690838075725,0.009912690707038716,0.9504358075128511,0.009912690244196274,0.00991269011707461,Sports
0.013405034358638638,0.013404862019043085,0.013404861596964865,0.7440354664275594,0.013405540964103794,0.20234423463369022,Sports
0.3327723583567584,0.010234711985975573,0.010234711255932179,0.6262888005984485,0.010234709890723977,0.010234707912161545,Sports
0.009811115351110896,0.009810537853538012,0.00981053765834127,0.9509467354879865,0.009810536933534559,0.009810536715488833,Sports
0.010512091166049186,0.010504355651444329,0.01050435531794134,0.9474704898788944,0.01050435415396075,0.010504353831710084,Sports
0.009737819604838634,0.009737772002964263,0.009737771786722905,0.9513110944840826,0.009737771297940744,0.009737770823450806,Sports
0.5928430655128404,0.010184083809550859,0.010184083406277362,0.36642060363056755,0.010184082042591367,0.010184081598172546,Sports
0.010454791978514979,0.010454670437611807,0.010454671025904205,0.9477265273585835,0.0104546696941166,0.01045466950526883,Sports
0.010981271494360033,0.01098110380227191,0.010981103614504632,0.9450943151960867,0.010981103106186881,0.01098110278658987,Sports
0.01026494171100694,0.01026444253208778,0.010264442435359374,0.9486772892350768,0.010264442092572053,0.01026444199389699,Sports
0.008739066146429433,0.008738007915550187,0.00873800781480888,0.9563089039622448,0.008738007362944084,0.00873800679802269,Sports
0.9282713902860859,0.014344585823433287,0.014344585696201888,0.014350267815536487,0.014344585256731,0.01434458512201138,Sports
0.381666387633049,0.009260041487515339,0.00926004125513048,0.5812934489982173,0.00926004083296662,0.009260039793121122,Sports
0.011708960086818133,0.011708809537285578,0.011708809490164406,0.9414558021829063,0.011708809355692237,0.011708809347133376,Sports
0.009546658957976118,0.009546414594247297,0.009546414449922996,0.9522676840301338,0.009546413981153159,0.00954641398656637,Sports
0.011373993082494885,0.011365275442094822,0.01136527530710387,0.9431649066159054,0.01136527482974373,0.01136527472265724,Sports
0.012015902213638612,0.012012975216590237,0.012012975061781854,0.9399317997540554,0.01201337333059823,0.012012974423335761,Sports
0.010026253137022646,0.010025877740388068,0.010025877640517421,0.9498702369266362,0.010025877305269968,0.010025877250165753,Sports
0.010393076293697984,0.010392141107572406,0.010392140801778641,0.9480383630204942,0.010392139779334423,0.010392138997122253,Sports
0.010303608239627546,0.010303646602252243,0.010303645898439021,0.9484818129545509,0.010303643486640743,0.01030364281848948,Sports
0.009176125716022493,0.009175880009875209,0.00917587974697008,0.9541203565915071,0.009175879377981628,0.009175878557643487,Sports
0.011907048699849527,0.011906763149334981,0.011906762869055494,0.9404659002521244,0.011906761971748997,0.011906763057886485,Sports
0.008477537084716427,0.008476941224288752,0.008476941103897885,0.9576146988722536,0.008476940988487463,0.008476940726355993,Sports
0.011203804757738129,0.011203452377617,0.011203452069280587,0.9439823888849574,0.011203451047624144,0.011203450862782776,Sports
0.009848487558406062,0.009848348835192092,0.009848348547098726,0.9507581202742186,0.009848347548461134,0.00984834723662338,Sports
0.37667205619718647,0.011103258968254849,0.011103258609124445,0.5789149117476435,0.011103257440808634,0.011103257036982063,Sports
0.008623031874489014,0.008622768453404268,0.008622768143797066,0.9568858977000216,0.008622767112937711,0.008622766715350323,Sports
0.5778179099993399,0.008832317069121966,0.008832317043934538,0.38685282317110914,0.008832316452574858,0.008832316263919563,Sports
0.012590812734941089,0.012590754531205764,0.012590754233660956,0.9370461681072679,0.012590754272299335,0.012590756120624831,Sports
0.010006822611125806,0.010005361874953234,0.010005361470967488,0.949971734586072,0.010005359973854856,0.010005359483026763,Sports
0.009166418850325925,0.00916586946978801,0.009165869082951254,0.9541701090928211,0.00916586710165966,0.009165866402454186,Sports
0.011026590314053626,0.011026478058158347,0.011026477986226569,0.9448674982205587,0.011026477743504027,0.011026477677498717,Sports
0.009321723086570876,0.009319378951641902,0.009319378552262338,0.9534007655542529,0.009319377152059322,0.00931937670321263,Sports
0.009806779257028159,0.009806426029393705,0.00980642594265207,0.9509675176495714,0.009806425597970287,0.009806425523384364,Sports
0.8046321181532897,0.009227134283580211,0.009227134157754575,0.15845934608880663,0.009227133746322409,0.009227133570246208,Sports
0.7310593728492516,0.010770403401467189,0.010770403236539584,0.2258590152954212,0.010770402705349532,0.01077040251197102,Sports
0.12879546287062174,0.011736912632499373,0.011736912446652871,0.8242568905098058,0.011736911010159909,0.011736910530260231,Sports
0.010126365320864677,0.01012597733361406,0.010125977285303695,0.9493697264196874,0.010125976911171291,0.010125976729358945,Sports
0.668760340833442,0.010836596841663132,0.01083659677106131,0.2878932726380755,0.0108365964945012,0.010836596421256785,Sports
0.010025925892134007,0.01002534048096281,0.010025340144440124,0.949872715463287,0.010025339340463655,0.010025338678712371,Sports
0.010065141414640353,0.010064632022758386,0.010064631817646011,0.9496763320941848,0.010064631217683409,0.010064631433087083,Sports
0.9301059884837535,0.013976976892092726,0.013976976680347239,0.013986106779229462,0.01397697574375994,0.013976975420817064,Sports
0.009834407121770344,0.009833820741026393,0.009833820786286787,0.9508303105003723,0.009833820454184475,0.009833820396359797,Sports
0.9267397170338055,0.014649336181559374,0.014649336123185749,0.014662939597918591,0.014649336187470123,0.014649334876060637,Sports
0.009792207165757336,0.009791948437489185,0.009791948296829786,0.9510400005693898,0.009791947818999246,0.009791947711534665,Sports
0.010584086904483965,0.010583872189300557,0.01058387202356645,0.9470804260648157,0.010583871467290914,0.0105838713505425,Sports
0.011015811635282232,0.011015266375642636,0.011015266225363689,0.944923124556904,0.011015265677129005,0.011015265529678435,Sports
0.011344557670352853,0.011344154514029212,0.011344154382435212,0.9432788256782596,0.011344153953687023,0.011344153801236124,Sports
0.6812006986074293,0.011876790437439297,0.011876790385287864,0.27129214018020714,0.011876790196580675,0.01187679019305561,Sports
0.8210715863061616,0.011734772526691846,0.011734772257365389,0.13198932625074716,0.011734771656855051,0.011734771002179107,Sports
0.008833185436110287,0.008832931678485801,0.008832931582476737,0.9558350889788876,0.008832931221037272,0.008832931103002413,Sports
0.009096710691421869,0.00909315249255224,0.009093152216988152,0.9545306823574382,0.00909315128521244,0.009093150956387146,Sports
0.009114340977877704,0.009113457058748962,0.009113456850262016,0.9544318329510659,0.009113456236498176,0.009113455925546974,Sports
0.012843027893169101,0.012842652110670955,0.012842652085784218,0.9357863638916278,0.012842652007610762,0.01284265201113713,Sports
0.008786722179433423,0.008786541091841672,0.008786540826020092,0.956067117104025,0.008786539579143427,0.008786539219536257,Sports
0.010084184826352972,0.010083276311251319,0.010083276103902838,0.9495827121706599,0.010083275424905327,0.010083275162927573,Sports
0.008639940142481792,0.008639606901131028,0.008639606762127945,0.9568016323625789,0.008639606318001045,0.008639607513679376,Sports
0.008775960301748632,0.00876466575190299,0.008765409836178394,0.9561646366262923,0.008764663973070843,0.008764663510806946,Sports
0.9420845157173866,0.011579771438096338,0.011579771375169171,0.011596399437373136,0.011579771090081922,0.011579770941892914,Sports
0.5566367562417196,0.011107306856909152,0.011107306637557268,0.39893401876111256,0.011107305862579275,0.01110730564012208,Sports
0.648376452434822,0.010366049466623114,0.010366049345469783,0.3101593509973666,0.010366048950679533,0.010366048805039075,Sports
0.009432494239509733,0.009432225418264712,0.009432225281172615,0.9528386050660429,0.009432225302632661,0.009432224692377375,Sports
0.009779790369720119,0.009779352349058525,0.009779352156651268,0.951102802322615,0.00977935150253862,0.009779351299416386,Sports
0.7546783181093568,0.01147494448009453,0.011474944411092834,0.19942190557397158,0.011474943787711007,0.011474943637773214,Sports
0.7985938077338719,0.011718071779719196,0.011718071553028071,0.1545339079063536,0.01171807067050681,0.01171807035652045,Sports
0.008801556670381844,0.00878198284843446,0.008781982570742903,0.9560705149134506,0.008781981636285992,0.008781981360704193,Sports
0.011196640198018073,0.011183788086729715,0.011183787620418382,0.9440682124876639,0.011183786032961234,0.011183785574208708,Sports
0.010205979288454571,0.01020574198633742,0.010205741884355345,0.9489710538328646,0.010205741542580814,0.010205741465407212,Sports
0.011593404932187646,0.011593247722315009,0.011593247619337953,0.9420336053369064,0.011593247247228652,0.011593247142024199,Sports
0.011426630501588885,0.011419669687017315,0.01141966965503184,0.9428946927264362,0.011419668811051078,0.011419668618874713,Sports
0.014275677350788656,0.01427531106874571,0.014275311092205019,0.9286230803252318,0.014275310187879914,0.014275309975148831,Sports
0.009119752730400285,0.009119323010469272,0.009119322844177912,0.9544029568969882,0.009119322262426848,0.00911932225553753,Sports
0.6399028827604996,0.011647464985621707,0.01164746502538889,0.3135072580273146,0.011647464657401565,0.011647464543773724,Sports
0.933934222080396,0.013210489431140567,0.013210489779618244,0.013223818403987933,0.01321048904788715,0.013210491256969976,Sports
0.011504934084926538,0.011503118086626685,0.011503117905508281,0.9424825952715619,0.01150311728680908,0.011503117364567675,Sports
0.011161819440190417,0.01116170853714581,0.01116170813833271,0.9441913510049359,0.01116170697151831,0.011161705907876919,Sports
0.011223501091652339,0.01122320176680145,0.011223201589430012,0.9438836943192751,0.011223200752128952,0.01122320048071222,Sports
0.011133427425759112,0.01113280699834427,0.011132806756811883,0.9443353471150849,0.011132805991724386,0.011132805712275583,Sports
0.5849252073073562,0.00986512665437425,0.009865126526060381,0.3756142873907382,0.009865126189068004,0.009865125932402729,Sports
0.6882223715695053,0.012375366940043995,0.012375366761876045,0.26227616239576457,0.012375366349635333,0.012375365983174904,Sports
0.5602200185245431,0.01332891691519158,0.013328916538787075,0.38646431792851116,0.013328915230812166,0.013328914862154938,Sports
0.009092140802060514,0.009092034035131875,0.00909203394824034,0.9545397238908901,0.00909203366615103,0.009092033657526026,Sports
0.44255365151877407,0.009127749571733776,0.009127749342313748,0.5209353526784596,0.009127748601358317,0.009127748287360423,Sports
0.01030833254408451,0.01030603891660458,0.010306038691463152,0.9484675142618804,0.010306037903439272,0.010306037682528073,Sports
0.008974775068977854,0.00897420295183248,0.008974202809583698,0.9551284147275361,0.008974202293120563,0.008974202148949353,Sports
0.00963180266973836,0.009608312885982281,0.009608312540076866,0.9519349494840098,0.009608311343079991,0.009608311077112493,Sports
0.940086101536919,0.011981067943944565,0.01198106783925066,0.011989627625907993,0.011981067554003652,0.011981067499974202,Sports
0.3476669206222958,0.011677516500687567,0.011677515924610495,0.6056230187581234,0.011677513912722462,0.011677514281560313,Sports
0.5495553431145741,0.013311841819450231,0.013311841683160255,0.39719729103659646,0.013311841292657375,0.013311841053561565,Sports
0.9292514969594431,0.014146918851334043,0.01414691859105012,0.014160829496725811,0.014146918029508368,0.014146918071938448,Sports
0.011972112015525655,0.011971665887642322,0.011971665715602785,0.9401412279709122,0.011971664392965329,0.011971664017351584,Sports
0.01362812746616497,0.013627864216252618,0.013627863898168242,0.5845592309583729,0.013628284690070673,0.36092862877097065,Sports
0.010201479340111537,0.010201201549923208,0.010201201367252093,0.9489937164730482,0.01020120073437274,0.010201200535292162,Sports
0.9291078016410482,0.01417616185417206,0.014176161767614204,0.014187551690122839,0.014176161548218378,0.014176161498824214,Sports
0.008254430935914412,0.00825179785928035,0.008251797517991995,0.9587383813627199,0.008251796350153384,0.008251795973939862,Sports
0.9432327159592191,0.011352254528965489,0.011352254455601557,0.01135826682621254,0.011352254155244497,0.011352254074756778,Sports
0.6196247214644353,0.01429858826905364,0.014298587614585414,0.32318091513404296,0.01429858519435789,0.014298602323524704,Sports
0.7887532752758158,0.011029753767854597,0.011029753689487927,0.1671277103654741,0.011029753467422852,0.011029753433944512,Sports
0.009885273609345149,0.009884945490187714,0.00988494613992608,0.9505749488101025,0.009884943274216611,0.009884942676221921,Sports
0.012683063944691552,0.012681029968792982,0.012681029755742902,0.9365928184138727,0.012681029097628782,0.012681028819271167,Sports
0.009934240577953505,0.009933496868693591,0.009933496661219988,0.9503317742444919,0.009933495929474564,0.009933495718166617,Sports
0.23261886303188778,0.008907248354072627,0.00890724797921849,0.7317521476939773,0.008907246678025265,0.008907246262818492,Sports
0.009345091097626037,0.009344627646660074,0.009344627396997202,0.9532764006334135,0.009344627058121238,0.009344626167182032,Sports
0.008545563828380216,0.008544643494394558,0.008544643352373607,0.9572758638200503,0.008544642827413093,0.008544642677388463,Sports
0.38221272772940434,0.008979953805736362,0.008979953584415556,0.5818674591725193,0.008979952790504443,0.00897995291742011,Sports
0.009757138859337539,0.009751224227931576,0.009751224093509986,0.951237965710888,0.009751223636362825,0.009751223471969989,Sports
0.010147734900847695,0.01014758975637353,0.010147589657375979,0.9492619070557305,0.01014758932480295,0.010147589304869442,Sports
