Topik 1,Topik 2,Topik 3
0.01131692414459617,0.01131678139267407,0.9773662944627298
0.012879514592486789,0.012897984252200536,0.9742225011553127
0.011527825115987843,0.011525915425706303,0.9769462594583059
0.009316665162869364,0.009316379763821324,0.9813669550733094
0.009597851363907778,0.009597743173570547,0.9808044054625217
0.008468733728653088,0.00846740935614502,0.9830638569152018
0.010696941559150921,0.010696541201830103,0.9786065172390189
0.009606844378996914,0.009606538142741566,0.9807866174782616
0.6649899609316989,0.009381559791789536,0.32562847927651156
0.010528711483525069,0.010528579584656108,0.9789427089318188
0.012055606742427926,0.012054976966765342,0.9758894162908068
0.011982223783574733,0.011982179432679355,0.976035596783746
0.00859728230484743,0.008597067893516783,0.9828056498016359
0.011933660238541243,0.011933317106790173,0.9761330226546686
0.010157392086266889,0.010157138256294402,0.9796854696574387
0.010558553091172262,0.01055830358062648,0.9788831433282011
0.748799300627151,0.010678038839195625,0.2405226605336533
0.009622484408022856,0.009622329890688086,0.980755185701289
0.009604428745819347,0.009603830719761485,0.9807917405344191
0.5967304069798355,0.01015226052082176,0.3931173324993428
0.011506887109240917,0.011506379201982988,0.976986733688776
0.9765267360917889,0.01173275687745346,0.01174050703075754
0.011083726603341754,0.01108362785220294,0.9778326455444554
0.9770399407976864,0.011474424793479071,0.011485634408834414
0.008413164448298245,0.008412842477551917,0.9831739930741499
0.8645197474962839,0.010445916726984427,0.12503433577673154
0.011993178359423075,0.01199287137271582,0.9760139502678611
0.009630057655050372,0.009629739137382139,0.9807402032075675
0.00904145327425599,0.009041307582267016,0.9819172391434771
0.011269491320991868,0.011269309022780458,0.9774611996562277
0.007973621291535714,0.00798113315741074,0.9840452455510535
0.00904016581907408,0.009040103278927271,0.9819197309019987
0.00787415267290369,0.00787402701552983,0.9842518203115664
0.009744956224813637,0.009743949891480527,0.9805110938837058
0.01247477568515646,0.012469843428566876,0.9750553808862766
0.008481064979615335,0.008480800728017124,0.9830381342923675
0.009740651558183967,0.009737727111415536,0.9805216213304006
0.6243505619882277,0.011148880299832796,0.3645005577119395
0.009367156910094437,0.009366130788896617,0.9812667123010089
0.009591177717876096,0.009590627721424955,0.980818194560699
0.015435374590927331,0.01543230540302896,0.9691323200060437
0.5657697749790896,0.00931745370580712,0.42491277131510324
0.008282200276511132,0.008281984841059782,0.983435814882429
0.011828191364097119,0.43635501990365105,0.5518167887322519
0.014165480988876225,0.014166991345124776,0.971667527665999
0.9765338398044919,0.011729581920762261,0.011736578274745764
0.9685303012592004,0.01572897468408285,0.015740724056716855
0.01131183190373653,0.01131093881641682,0.9773772292798467
0.0073514910180491715,0.00735087961704993,0.985297629364901
0.012762255606385308,0.012761976107942724,0.974475768285672
0.9809372854079695,0.009528058120028217,0.00953465647200225
0.010797089362042088,0.010796342241307136,0.9784065683966509
0.010469874833427109,0.010469069449113985,0.9790610557174589
0.9781616172940046,0.010915815742127348,0.010922566963868006
0.9815170206694311,0.009237116374565804,0.009245862956003053
0.9800360379689921,0.009976153154682537,0.009987808876325322
0.3336430263529886,0.014300745139651006,0.6520562285073603
0.013099451547633211,0.013099069652163998,0.9738014788002027
0.010322425391604976,0.01032248287922116,0.9793550917291738
0.5677675870812203,0.011807199588703316,0.42042521333007626
0.01598443686918793,0.015984120554871455,0.9680314425759406
0.011847590207115483,0.011847118269163015,0.9763052915237215
0.014238255681410957,0.014237478002581174,0.9715242663160079
0.9790191367464692,0.010487894135334663,0.010492969118196173
0.011300744377941447,0.011297930957263539,0.977401324664795
0.8396894479958169,0.012357703920729518,0.14795284808345371
0.5009179339897509,0.010303265168831168,0.488778800841418
0.010990369981703184,0.2555478928073596,0.7334617372109371
0.010683519464078112,0.010683231256802294,0.9786332492791197
0.008476127164989319,0.008475750577805372,0.9830481222572054
0.7232302731415766,0.0114631800749615,0.2653065467834619
0.4205836300885051,0.009908496875453542,0.5695078730360414
0.009926772533059465,0.00992522562075934,0.9801480018461812
0.007755465838102184,0.007754572420311034,0.9844899617415869
0.01043598445190885,0.010435789159491964,0.9791282263885991
0.007930298246120212,0.007929938441227516,0.9841397633126522
0.008804518006833312,0.008803616614550164,0.9823918653786166
0.010846354700684879,0.010846570611775025,0.9783070746875401
0.009176754579651019,0.009176006905319214,0.9816472385150298
0.01218243127912052,0.012182249602075038,0.9756353191188045
0.010142992194901675,0.010142681349868959,0.9797143264552294
0.013843456671782987,0.013839205828873944,0.972317337499343
0.009773402535934802,0.00977294243705487,0.9804536550270103
0.6626911035266335,0.00988829791918935,0.3274205985541772
0.7023916805944129,0.01012652743148981,0.28748179197409723
0.01133421442052679,0.011325768567721196,0.9773400170117519
0.010428635759570364,0.010424353708199727,0.9791470105322299
0.011446174584064219,0.01144601801817611,0.9771078073977596
0.010981947298274322,0.010981617091172763,0.9780364356105529
0.9795493553940828,0.010220740450805621,0.010229904155111585
0.7443702256951271,0.011248469084773668,0.2443813052200993
0.010390177930705064,0.010405016288810952,0.979204805780484
0.009538654421856673,0.009538598069090217,0.9809227475090532
0.017173067624855525,0.01717357250504389,0.9656533598701005
0.01315275603246832,0.013152293856246729,0.973694950111285
0.01082849661189069,0.010828204839803115,0.9783432985483063
0.009246315696463739,0.009245279620516795,0.9815084046830195
0.9762829245437088,0.011855133985244114,0.011861941471046971
0.008673942978930186,0.008671838804791764,0.9826542182162781
0.38523495779206285,0.009647351252241702,0.6051176909556956
0.008764586624866524,0.00876445629118829,0.9824709570839453
0.012762539166218011,0.012762294684110243,0.9744751661496718
0.011063229882286271,0.01105551104252841,0.9778812590751854
0.011702300184087112,0.011701746102722328,0.9765959537131906
0.6703453712451993,0.010402381498579135,0.3192522472562217
0.009333958164852421,0.009333695197034338,0.9813323466381133
0.20171390700780492,0.008080733149517945,0.7902053598426771
0.009350218819081699,0.009350037856237422,0.981299743324681
0.011994376786395582,0.011994242647571528,0.976011380566033
0.007950844696577803,0.007950450565825534,0.9840987047375966
0.010268857129516423,0.010267226847028316,0.9794639160234552
0.009413762205204545,0.009413161658173482,0.981173076136622
0.9780694899151313,0.010958790403319974,0.010971719681548775
0.010249266828781987,0.01024910137105315,0.9795016318001649
0.012076831672871973,0.012076333874960134,0.9758468344521678
0.009216260246344237,0.009216703716507279,0.9815670360371486
0.9793309719040298,0.010331131864405171,0.010337896231565074
0.011948725034505127,0.011947603203094648,0.9761036717624002
0.011102416049398928,0.01110214152201841,0.9777954424285826
0.009895962880969689,0.009895450607991081,0.9802085865110391
0.7037292418509052,0.010507886698098231,0.28576287145099655
0.009141621436543892,0.009141446919686266,0.9817169316437698
0.00896675190976025,0.008966555061322013,0.9820666930289178
0.015635917527324825,0.01563793554113867,0.9687261469315366
0.012130818498937011,0.012130660777971742,0.9757385207230912
0.00995438642277723,0.009965280247583244,0.9800803333296395
0.010912103180829805,0.010911915554437508,0.9781759812647326
0.014727038049371014,0.014719110655269697,0.9705538512953593
0.41834268972166433,0.010225393886443786,0.571431916391892
0.015525216705319245,0.015525020133383959,0.9689497631612968
0.009945976883879028,0.009945820075534377,0.9801082030405865
0.1473051230933752,0.009144004967604081,0.8435508719390208
0.010456517466921247,0.1618364236421281,0.8277070588909506
0.00778901741482149,0.007788774435423915,0.9844222081497547
0.01130801254770978,0.011307018413305087,0.9773849690389851
0.011076371245646987,0.1059170241713735,0.8830066045829796
0.010375679723646409,0.01037530113288744,0.9792490191434662
0.009966909136924416,0.009966746600599319,0.9800663442624763
0.011954721491634809,0.01195432701771845,0.9760909514906467
0.011558002725940734,0.011557648244347369,0.9768843490297119
0.009005837333482545,0.009005660806261523,0.981988501860256
0.014671671927910536,0.014671686584315516,0.970656641487774
0.01030136376684984,0.01030102302144667,0.9793976132117035
0.009163126614538249,0.009162847564929365,0.9816740258205324
0.00883775255187646,0.008837296752012787,0.9823249506961107
0.010902385536132023,0.010902124296841356,0.9781954901670266
0.5717094620198265,0.009621461892773823,0.41866907608739967
0.010999274153278815,0.010999152705865017,0.9780015731408561
0.009912040107585967,0.009911574450589353,0.9801763854418247
0.8415883505310141,0.009600949110745986,0.1488107003582399
0.8934397005753033,0.014174152149649353,0.09238614727504726
0.6509790816368318,0.010730232122075611,0.3382906862410926
0.014274923872578284,0.014247311242937984,0.9714777648844837
0.012136541559939918,0.012136417752347906,0.9757270406877122
0.007342884549714892,0.007342702738966753,0.9853144127113184
0.012977076436339021,0.012976837041114126,0.9740460865225469
0.013293426551711002,0.013299870681842942,0.973406702766446
0.01088471333297845,0.17719543314195418,0.8119198535250675
0.010407993868418114,0.010420109358865132,0.9791718967727168
0.456536943356861,0.012579320974154998,0.530883735668984
0.011557883364632657,0.099351264641963,0.8890908519934044
0.42560023012958953,0.011989432648392601,0.5624103372220179
0.014234269513148351,0.01423411779828761,0.971531612688564
0.011800321438965805,0.011800170567019716,0.9763995079940145
0.013732317450732548,0.013730782825129172,0.9725368997241383
0.012806265250331999,0.01280613242414292,0.9743876023255251
0.012088739911680125,0.012085408131058005,0.9758258519572619
0.009778779035011027,0.009778659887097424,0.9804425610778916
0.008386383176661462,0.008383862309340656,0.983229754513998
0.00951531929267814,0.009514804312903405,0.9809698763944185
0.008303544722401784,0.28543115840072425,0.7062652968768739
0.008977491139079714,0.008977017841602954,0.9820454910193174
0.0082451060343792,0.008244864251886997,0.9835100297137338
0.010395989149141277,0.01039511680583684,0.9792088940450219
0.010388386891701564,0.01038797173754681,0.9792236413707516
0.012932699892624985,0.38769540694982485,0.5993718931575502
0.408905767994367,0.013942087387058825,0.5771521446185742
0.0130800632699887,0.1617252710193717,0.8251946657106396
0.010910496732732188,0.010910372752481617,0.9781791305147862
0.011262044269445085,0.011261427830106507,0.9774765279004484
0.009464143633518919,0.009463769934387562,0.9810720864320935
0.7253513738260277,0.010035965712134904,0.26461266046183746
0.010969947177359014,0.010969723009035981,0.9780603298136051
0.9715113393307907,0.014233210969265941,0.014255449699943358
0.008150715264322988,0.008150655340145469,0.9836986293955315
0.25141497082769254,0.010842414683582728,0.7377426144887248
0.008759203787590581,0.008758710246087808,0.9824820859663216
0.9797978900568822,0.010099159744600218,0.010102950198517601
0.010333697458489789,0.010324427780586532,0.9793418747609237
0.007509743666380783,0.007509127622058744,0.9849811287115605
0.8284170045740961,0.009927695050207155,0.16165530037569661
0.008216301437741897,0.0082160495549606,0.9835676490072975
0.8249528226297044,0.009874827707519072,0.16517234966277666
0.9702272030922336,0.01488100203554812,0.014891794872218079
0.011201574709103592,0.011209430047263613,0.9775889952436329
0.00850186959821316,0.008500915388602133,0.9829972150131847
0.009123365667942295,0.009129316113330017,0.9817473182187277
0.9792466438759472,0.010371309259047863,0.01038204686500496
0.011276017871845933,0.01127467069239179,0.9774493114357622
0.9775269840621944,0.011231831568883265,0.011241184368922384
0.010958644870846097,0.010955955258659457,0.9780853998704944
0.010216688914328333,0.010216487618990064,0.9795668234666817
0.972052476589563,0.01396635273032307,0.013981170680114006
0.010559098247021226,0.15387300493851874,0.83556789681446
0.010108223110743879,0.010108017882847596,0.9797837590064086
0.010846712896296216,0.010846097998014404,0.9783071891056895
0.9799287359721273,0.010030744965244585,0.010040519062628253
0.01050521486055951,0.010505066023965276,0.9789897191154752
0.4294677778767884,0.010793264559397131,0.5597389575638145
0.40477985513436565,0.01135524591953997,0.5838648989460945
0.010593507632172003,0.010590564258851706,0.9788159281089763
0.008975120010785017,0.008973220018390097,0.9820516599708249
0.014989963291057094,0.014989681418566582,0.9700203552903763
0.009524977305482272,0.009524546006135445,0.9809504766883822
0.9757176034415214,0.012135116185512083,0.012147280372966562
0.00982798994986196,0.009827866712153103,0.980344143337985
0.01176691063285645,0.011766444186558532,0.9764666451805849
0.012464156768567375,0.012462070787606647,0.9750737724438259
0.9793109677172047,0.010336917817230796,0.01035211446556458
0.010727337296366855,0.010726489994818485,0.9785461727088146
0.9787301222927633,0.0106322691694521,0.010637608537784579
0.009471655858877579,0.00943571675456331,0.9810926273865592
0.5635027729310361,0.01234781838123053,0.4241494086877334
0.008698744959164917,0.008698140191223678,0.9826031148496114
0.011594692346014183,0.011593088362112999,0.9768122192918729
0.010148480703629425,0.0101481721702577,0.9797033471261128
0.011486104588454485,0.011485766667492273,0.9770281287440532
0.00885189266638184,0.008851722967983155,0.982296384365635
0.009072927748195595,0.009072692092631491,0.981854380159173
0.973812156460391,0.013085020017620807,0.013102823521988279
0.979361442517783,0.010315067030367449,0.010323490451849576
0.00942502376287443,0.009425171271807658,0.9811498049653178
0.8024187793142625,0.011403714483272256,0.18617750620246531
0.009587694987985543,0.0095873564338119,0.9808249485782026
0.450722785175795,0.010103699648505474,0.5391735151756994
0.009490119902664493,0.009489858890920227,0.9810200212064154
0.011130407757369452,0.01115447306903603,0.9777151191735944
0.012166314305569935,0.012165124187563376,0.9756685615068666
0.0104437357288591,0.010443244507963923,0.979113019763177
0.011201141767315495,0.011207135763996475,0.9775917224686881
0.010338072001070262,0.010336210580576115,0.9793257174183536
0.01037839682276596,0.010377973337397723,0.9792436298398364
0.014590060688636322,0.014589096714193877,0.9708208425971697
0.010133341595539117,0.010132742900445236,0.9797339155040156
0.015322999734509804,0.015322686653509792,0.9693543136119804
0.010088455713062118,0.0100882934294363,0.9798232508575015
0.010931508245204205,0.010930936619147963,0.9781375551356477
0.41706326356397716,0.011391778641487636,0.5715449577945353
0.011745440516258726,0.011743834040950491,0.9765107254427908
0.012316251025424047,0.15230104596244437,0.8353827030121317
0.01216311103843718,0.012163024341752518,0.9756738646198102
0.009073797367233528,0.009073357629731606,0.9818528450030349
0.009348331966166174,0.00934811075183046,0.9813035572820034
0.00936977556791968,0.009369601951600531,0.9812606224804797
0.9732725921109675,0.013357321434262796,0.013370086454769626
0.009024826007952978,0.00902440510809602,0.981950768883951
0.010398121696588445,0.010397778802516211,0.9792040995008953
0.008869737205905134,0.00886949444126232,0.9822607683528325
0.00901175911975134,0.009001621241406174,0.9819866196388425
0.011996995509233693,0.012019014610820323,0.975983989879946
0.011490394179856693,0.011490151218174025,0.9770194546019694
0.01069892340008866,0.01069874526209715,0.9786023313378143
0.009710124984704119,0.009706901630022451,0.9805829733852734
0.010075074847607024,0.010074919162344324,0.9798500059900487
0.011884364517875261,0.011884082081798353,0.9762315534003264
0.01214524836062003,0.012145060233049019,0.975709691406331
0.009019693741477245,0.009019499118365278,0.9819608071401575
0.011572901311467161,0.0115719802323889,0.9768551184561439
0.8125977984490783,0.010528068775643207,0.17687413277527841
0.975970263737684,0.01201099183468184,0.012018744427634126
0.01182512754245607,0.011824709106872304,0.9763501633506716
0.01493933198148675,0.014914122570270954,0.9701465454482422
0.5380379965993337,0.009375883036055334,0.452586120364611
0.012069732897278626,0.10989972565869169,0.8780305414440296
0.013756181570012432,0.14116203659772403,0.8450817818322635
0.011914584914465357,0.011914257251401206,0.9761711578341334
0.011553574841778142,0.011548419833904838,0.9768980053243169
0.011615296544490804,0.011614307279646937,0.9767703961758623
0.6790875601257279,0.011517455011902275,0.30939498486236977
0.010166270006654217,0.16156722012916924,0.8282665098641765
0.012853036718846163,0.012865519575348726,0.9742814437058052
0.01388452460501342,0.013900984441893758,0.9722144909530929
0.9813019321086323,0.009346960962415073,0.009351106928952585
0.009384951649431377,0.009384652734014415,0.9812303956165542
0.010634978009435504,0.010634830987525072,0.9787301910030395
0.009222647690458349,0.009222496780410035,0.9815548555291317
0.009893642512501825,0.009893415507575243,0.9802129419799229
0.012428015359730697,0.012427779210456397,0.975144205429813
0.012101525019891177,0.012101243576285623,0.9757972314038231
0.013866074654419405,0.013865574613950004,0.9722683507316305
0.014774310194827514,0.014774005584241435,0.970451684220931
0.01241785383985589,0.012417620465467192,0.9751645256946769
0.9715709176100091,0.01420869982634349,0.014220382563647316
0.010523397368501485,0.010523232227495747,0.9789533704040027
0.014806207213005768,0.014811537464889406,0.9703822553221049
0.008461401741066658,0.008461210761253496,0.9830773874976798
0.011752695230960987,0.011753314847469866,0.9764939899215692
0.014940163725508406,0.01493942290233003,0.9701204133721616
0.01140781329481609,0.011438343828561995,0.9771538428766219
0.010188354117361728,0.010187025615918204,0.97962462026672
0.013184903067825167,0.013182476185966274,0.9736326207462086
0.010238755338869874,0.010238597160290611,0.9795226475008395
0.009151804924848484,0.009151900009404147,0.9816962950657474
0.009614285045849758,0.009614446749641915,0.9807712682045083
0.008769744752444077,0.008769414336951003,0.9824608409106049
0.00922883868146265,0.009228491122760462,0.9815426701957768
0.010045301532361836,0.010045053414940308,0.9799096450526978
0.9790560261088652,0.010466220967897287,0.010477752923237342
0.012126148624777006,0.012126019455652613,0.9757478319195704
0.013461990167105035,0.013475522779000894,0.9730624870538941
0.008836714032309867,0.008836471030553473,0.9823268149371366
0.013331702808400693,0.013329184501033414,0.9733391126905659
0.008908850802192558,0.008910150985358375,0.9821809982124492
0.01240987510200056,0.01240364347526472,0.9751864814227347
0.008488622101847526,0.008488388877622184,0.9830229890205302
0.01345605586716451,0.013453889935735623,0.9730900541970998
0.010147478115185744,0.01014732437618704,0.9797051975086272
0.008746516359108102,0.008746182329217091,0.9825073013116749
0.008995307079881693,0.008991573399595831,0.9820131195205225
0.0169738363429369,0.01698120804071958,0.9660449556163436
0.011652449536794018,0.01165234363663914,0.9766952068265669
0.012188521904887674,0.01217879629490616,0.9756326818002061
0.7392718958348629,0.011829344913764563,0.24889875925137256
0.009804689029269183,0.009804117292533077,0.9803911936781977
0.006904403773458412,0.30217294901168534,0.6909226472148562
0.010491259309870996,0.010491059053186577,0.9790176816369424
0.008358701035552902,0.008358353903389985,0.9832829450610571
0.008659447865155243,0.008659232898799335,0.9826813192360454
0.011238057550661748,0.011237781861871923,0.9775241605874664
0.011930474316533367,0.01193004789175908,0.9761394777917076
0.9772963645277087,0.011346736998353752,0.011356898473937631
0.012336822279858151,0.012326616465073933,0.9753365612550678
0.01101410025420101,0.011022007567515084,0.9779638921782839
0.010928180799698137,0.010927570958520563,0.9781442482417813
0.7607814632541194,0.009732099341237711,0.22948643740464275
0.011279468239816364,0.011278629825849805,0.9774419019343338
0.9794304441272701,0.010280774671270799,0.010288781201459166
0.010449023958280049,0.010446175831345828,0.979104800210374
0.977512418112945,0.011237081939930242,0.01125049994712478
0.011526578740699032,0.011526164002688792,0.9769472572566122
0.012991402494562179,0.012984030247692652,0.9740245672577451
0.011828126056459649,0.011848766113096673,0.9763231078304436
0.011174263258690028,0.011173974339916163,0.9776517624013938
0.007555326623614038,0.007555116544230912,0.984889556832155
0.010090151739530165,0.010089322852360838,0.979820525408109
0.008766084382565273,0.008760100688343965,0.9824738149290908
0.010889955514760892,0.010888687060838969,0.9782213574244002
0.010890861661023717,0.010890671532223157,0.9782184668067532
0.009633720563389157,0.009633390093918382,0.9807328893426924
0.6896635624620769,0.010029110842034767,0.3003073266958882
0.011552569154567026,0.011551970529668306,0.9768954603157647
0.7412886825744898,0.010484788562261415,0.24822652886324886
0.009099640560585131,0.009099347175569934,0.981801012263845
0.7292819767900576,0.010126658571665269,0.2605913646382771
0.011218871220429834,0.011218696797762964,0.9775624319818073
0.7152009402956481,0.011194357299292058,0.2736047024050599
0.008966141759688299,0.008965572933998318,0.9820682853063134
0.011590526154128625,0.16079395020715834,0.8276155236387132
0.9761544239618327,0.01192008371077721,0.011925492327390019
0.8220424879896832,0.011455316705576462,0.1665021953047403
0.00904281841414405,0.009042020176239339,0.9819151614096167
0.009242536689791445,0.009242216444563469,0.9815152468656451
0.012751432871979199,0.3272052091603551,0.6600433579676657
0.604939426312498,0.010792553971366976,0.38426801971613495
0.9809439810623192,0.00952581232415168,0.009530206613529038
0.008276000987660844,0.008275864891409176,0.98344813412093
0.00852369552704475,0.00852355154957816,0.9829527529233771
0.010116568738895892,0.010114477351401988,0.9797689539097021
0.009013156064134515,0.009013313498696293,0.9819735304371693
0.011908391793048801,0.011908117227444247,0.976183490979507
0.011447193868940903,0.011447072072041457,0.9771057340590177
0.00909151703405126,0.009089872288757607,0.9818186106771911
0.7575486892235628,0.010624205403985284,0.2318271053724519
0.012117621076959626,0.01211477421958271,0.9757676047034576
0.009436725928516092,0.00943715138756584,0.981126122683918
0.010558936140788356,0.010557553729521635,0.97888351012969
0.9801161105836644,0.009937229019230949,0.009946660397104526
0.008002122085628302,0.00800172569575304,0.9839961522186186
0.011467246266151657,0.011466922188754638,0.9770658315450936
0.012966864378315063,0.01296804060985145,0.9740650950118335
0.6089409858980334,0.010276486182827439,0.3807825279191392
0.6444141590248761,0.012367866395427342,0.3432179745796965
0.01187045050632112,0.01189212975771647,0.9762374197359625
0.5753503455832255,0.01211559545531362,0.41253405896146106
0.9723771832437352,0.013808363360031583,0.013814453396233242
0.008972831016426586,0.008972519415115876,0.9820546495684576
0.009851479719620188,0.00985105577982265,0.9802974645005571
0.010463403949394006,0.010463279997816696,0.9790733160527894
0.46913823558401574,0.009332993869458666,0.5215287705465255
0.012455951155271112,0.012455737119766549,0.9750883117249622
0.010206085768842426,0.010204747584001318,0.9795891666471562
0.013206379698658786,0.013195397806692261,0.973598222494649
0.977210990812243,0.011389157533197065,0.011399851654560061
0.009965264928231066,0.00996522175976922,0.9800695133119998
0.009380740206597519,0.00938024269082779,0.9812390171025748
0.012272346460301835,0.01226400239905032,0.9754636511406478
0.012447342211763142,0.012445467286169238,0.9751071905020677
0.012438146731072835,0.012437497756532277,0.975124355512395
0.015922218225538527,0.015922088234049413,0.9681556935404121
0.009261374416177602,0.009260092601436334,0.9814785329823861
0.01152782041493656,0.011527618927216956,0.9769445606578465
0.011510658961976774,0.011510549948287567,0.9769787910897357
0.5508148392505262,0.010030962835496017,0.43915419791397775
0.010565730848186529,0.010565087175065971,0.9788691819767475
0.013168232058264001,0.013167964295285184,0.9736638036464509
0.008778615330283632,0.008778307117107195,0.9824430775526092
0.5382305813898122,0.010292509599503341,0.4514769090106844
0.012471860302489528,0.01244882360861711,0.9750793160888933
0.009492336098674782,0.009492172605951808,0.9810154912953735
0.010398006682550026,0.010397785125024402,0.9792042081924256
0.01491498920911076,0.014914779575839289,0.97017023121505
0.00900998114266289,0.009009847732070413,0.9819801711252668
0.012089175457094524,0.012089017431031055,0.9758218071118745
0.011883180296563297,0.011883004536842828,0.9762338151665939
0.01414535580672434,0.014131559795860836,0.9717230843974147
0.1119229329925311,0.009802103526888917,0.8782749634805799
0.9797905602869801,0.010100818917294054,0.010108620795725767
0.011617010069274143,0.01161650978147806,0.9767664801492478
0.009274096700326011,0.009273893326843145,0.9814520099728309
0.012685987963449448,0.012685852893163705,0.9746281591433869
0.011546673908555365,0.011546458153980298,0.9769068679374643
0.6174933814468656,0.010633749058291224,0.3718728694948431
0.010158274004383067,0.25300714823963566,0.7368345777559813
0.012222065681972406,0.012221583251504048,0.9755563510665235
0.009359254322003541,0.00935860258465994,0.9812821430933365
0.010274887383602037,0.010274520057205796,0.9794505925591922
0.013761014603350951,0.013761107394269587,0.9724778780023794
0.2978809238134687,0.013178990947888755,0.6889400852386426
0.8059293977098319,0.009051019736782009,0.1850195825533861
0.48759733421139956,0.00984074405188499,0.5025619217367154
0.6540436083627718,0.012570581282415259,0.33338581035481296
0.010676402521688987,0.0106762485745915,0.9786473489037196
0.009837736437821596,0.009836866158082574,0.9803253974040957
0.011698761299213434,0.2005346876623502,0.7877665510384364
0.011196227808933184,0.01119330212926553,0.9776104700618014
0.008863652097364972,0.008862478651508543,0.9822738692511265
0.014720274330833765,0.014720050237752918,0.9705596754314133
0.6235645452122539,0.010765617728549462,0.3656698370591966
0.9782178252586138,0.01088501310064136,0.010897161640744783
0.009928066209358101,0.009927672232764723,0.9801442615578772
0.008001323141325973,0.008001167992662523,0.9839975088660114
0.01001752294074311,0.010017300818362202,0.9799651762408947
0.010445597385873827,0.010445118531970167,0.979109284082156
0.010026185514396966,0.010025422885907131,0.9799483915996958
0.010252460535443887,0.010252205630117497,0.9794953338344387
0.011481240578397358,0.01148107746121237,0.9770376819603904
0.9791606270772628,0.010416033498157186,0.010423339424580031
0.011032562625408696,0.011031220607914744,0.9779362167666765
0.12580334209150063,0.011795515784245552,0.8624011421242538
0.009280821303715,0.009280593030211871,0.9814385856660731
0.7370884059296346,0.011348704144800504,0.25156288992556486
0.01025994780332762,0.010259908843328105,0.9794801433533443
0.010684509296706937,0.010684060144669792,0.9786314305586232
0.011445008585524049,0.011427117169455412,0.9771278742450206
0.009847779422531866,0.009847640757844925,0.9803045798196232
0.010567371530829947,0.01056729241871261,0.9788653360504576
0.01244797516083432,0.07358895944312557,0.91396306539604
0.008349585505358048,0.008349395357403644,0.9833010191372382
0.009802575525834805,0.009802148316499127,0.980395276157666
0.013328666297243994,0.013328509111307889,0.9733428245914482
0.33470163424988414,0.009130899503089427,0.6561674662470265
0.010579256607613932,0.010579105750237915,0.9788416376421482
0.01003096945602396,0.01003054799592643,0.9799384825480496
0.6077322005389574,0.012210123755591515,0.38005767570545107
0.009409033570776689,0.009403188342551662,0.9811877780866717
0.012779134345007399,0.012778684575159686,0.9744421810798329
0.008568917155745667,0.008568725276268322,0.9828623575679861
0.011745556820190866,0.01174533288639419,0.976509110293415
0.012126868714414043,0.17331409884168514,0.8145590324439007
0.9786075311263985,0.010693494072334877,0.01069897480126674
0.013461155784509994,0.013456019850560356,0.9730828243649297
0.013173087589192237,0.013172833438995894,0.9736540789718119
0.010005607810196661,0.01000529386089488,0.9799890983289085
0.010318929246881721,0.010318609209436318,0.979362461543682
0.01016038258511377,0.01015992507079708,0.9796796923440891
0.010480406903044146,0.010480390649578359,0.9790392024473775
0.01080509951527639,0.010804119624937422,0.9783907808597861
0.01141492910292711,0.011412763888902645,0.9771723070081703
0.009588856124339016,0.00958801331405656,0.9808231305616045
0.5753503455832255,0.01211559545531362,0.41253405896146106
0.00858368514348037,0.00858345726199566,0.982832857594524
0.011870349244089423,0.011869972214206274,0.9762596785417043
0.010638308744491938,0.010637860999184713,0.9787238302563234
0.010728827626614729,0.01072856701582786,0.9785426053575574
0.012652278440567443,0.012652054255261346,0.9746956673041712
0.01294758356656296,0.012947384012205795,0.9741050324212313
0.0094893856504519,0.009489206023110718,0.9810214083264374
0.012283651017231936,0.012283311937720143,0.9754330370450479
0.976543259784598,0.011721577294810418,0.011735162920591477
0.010090758624736875,0.010090138884107288,0.9798191024911559
0.8675610985949165,0.01126584989460145,0.12117305151048206
0.01147679665431114,0.011476317199148147,0.9770468861465407
0.008940741476525587,0.00894045676743953,0.9821188017560349
0.014538786710463181,0.014538206994430711,0.9709230062951061
0.012510613825933974,0.012506666583257144,0.9749827195908088
0.9814173061541827,0.009287591594925213,0.009295102250892053
0.008927021336893999,0.008926679557966851,0.9821462991051392
0.14182899888143044,0.012905384468698879,0.8452656166498707
0.010239705091397674,0.01024139888858791,0.9795188960200143
0.008420531835000272,0.008420435129663402,0.9831590330353364
0.012287605826246903,0.012287386776957404,0.9754250073967956
0.014060814347929284,0.014060403366458476,0.9718787822856122
0.012473169130090372,0.01247280657493278,0.975054024294977
0.008977618304927373,0.008977633781869918,0.9820447479132026
0.012317974183686187,0.012315688346355767,0.9753663374699582
0.013266112958937419,0.013255978845094595,0.973477908195968
0.8123370863129182,0.009685916068262497,0.1779769976188193
0.008848653245979728,0.008848544203699635,0.9823028025503205
0.01142618397155964,0.06459017216093849,0.9239836438675018
0.4881590950859121,0.00945372214203003,0.5023871827720578
0.007923531686329711,0.007922596890383967,0.9841538714232864
0.010531901961601734,0.010531728246132747,0.9789363697922655
0.009117049783922632,0.009116944804423452,0.9817660054116539
0.5743143577421809,0.00998185329283713,0.4157037889649819
0.009045310241440138,0.00904501756546886,0.981909672193091
0.010133534919088352,0.010128970783716414,0.9797374942971953
0.012808012075442167,0.012807698184588554,0.9743842897399693
0.013913661584427459,0.013913295528577426,0.972173042886995
0.010220788144279257,0.010219589895573571,0.9795596219601472
0.9792265670560321,0.010380521669515148,0.010392911274452821
0.009693993233258584,0.08449856128096801,0.9058074454857733
0.014289349956743705,0.01428805300094859,0.9714225970423077
0.008796295338334216,0.008795780266870288,0.9824079243947955
0.011687402917489704,0.011687174616470605,0.9766254224660397
0.011813568365703027,0.011813365402242728,0.9763730662320542
0.7678219469178361,0.010368270991794498,0.2218097820903693
0.011040296083553808,0.011039709285055328,0.9779199946313909
0.6992501530766353,0.01030868162792109,0.2904411652954437
0.012578979875015692,0.012587273703099604,0.9748337464218847
0.009645571253693157,0.009643470745040192,0.9807109580012666
0.0094561406028637,0.009455980228556255,0.98108787916858
0.0170476390917931,0.017047529598318168,0.9659048313098888
0.010072687809713992,0.010072165411533667,0.9798551467787523
0.009561501471535972,0.009561330346844869,0.9808771681816191
0.01132115809139665,0.011321061877331407,0.9773577800312719
0.01183909317212914,0.01183865241059004,0.9763222544172808
0.009197284155823616,0.00919682016694536,0.981605895677231
0.9785381276239469,0.010727667812034589,0.01073420456401853
0.36463344942534737,0.009622550560200793,0.6257440000144517
0.009419058255599664,0.009418523664235031,0.9811624180801652
0.011581483945985727,0.01158132700244418,0.97683718905157
0.011248291758601786,0.011248158189569394,0.9775035500518288
0.008789865786933995,0.008789526221233914,0.9824206079918322
0.01093864492877144,0.18296977231752518,0.8060915827537034
0.009274257266198389,0.009274030083939627,0.981451712649862
0.18515127396070558,0.009981046676025439,0.804867679363269
0.012475646259583978,0.012473377690120885,0.9750509760502951
0.9746723548988213,0.012656829515443845,0.012670815585734845
0.009265991517781935,0.009265758274636608,0.9814682502075815
0.01145745110488759,0.011457332747016985,0.9770852161480954
0.3605663136339798,0.009591464502563443,0.6298422218634568
0.011533861834084497,0.011532826580748386,0.976933311585167
0.010246234959197796,0.01024592512783723,0.9795078399129651
0.3513302446231622,0.01096144791415744,0.6377083074626803
0.011907890361081893,0.01191453922622315,0.976177570412695
0.6139770091320621,0.010098041501308155,0.37592494936662973
0.012690215445697286,0.012681900377085288,0.9746278841772175
0.010602763610380766,0.010602609544921685,0.9787946268446974
0.9803372369114368,0.009827557880140959,0.009835205208422284
0.014163907038833693,0.31454693405337714,0.6712891589077892
0.9792181380929014,0.010386058950942351,0.010395802956156375
0.012330882822579811,0.012330698346657225,0.9753384188307631
0.9022652710482962,0.009966518741869266,0.08776821020983445
0.010936373995132984,0.010936037504154532,0.9781275885007126
0.011209603618180198,0.01120898096461866,0.9775814154172011
0.009469429689273006,0.009469210814628223,0.9810613594960987
0.01171178489351701,0.011710664146428143,0.9765775509600549
0.010102738016385606,0.010102582358776946,0.9797946796248375
0.011043343907978086,0.011042873227105596,0.9779137828649164
0.3160158597765321,0.009965944448427279,0.6740181957750405
0.008543720535073778,0.008543571560332216,0.9829127079045941
0.008235305311550417,0.00823509667213417,0.9835295980163153
0.008246987959091664,0.008246798535575207,0.9835062135053332
0.007921161982166379,0.007920967593810986,0.9841578704240226
0.008856952436983718,0.008856589196141035,0.9822864583668753
0.010210091013905676,0.01020999716032573,0.9795799118257685
0.980033269169249,0.009979856900344026,0.009986873930406953
0.010819722398994333,0.01081944755999539,0.9783608300410103
0.009806480035051171,0.00980486940553293,0.9803886505594158
0.008021115282815114,0.00802089699841478,0.9839579877187701
0.013385152053064014,0.01338459774696835,0.9732302501999677
0.010855062139899353,0.010854724840938934,0.9782902130191616
0.009896102097009004,0.009895861767181494,0.9802080361358095
0.01076051953624736,0.010756949077517305,0.9784825313862353
0.00975441965842,0.009754260062847032,0.980491320278733
0.009458973095946456,0.009458774850649712,0.9810822520534038
0.008794114342380446,0.008793798498888684,0.9824120871587309
0.00863702718935867,0.008636793130829523,0.9827261796798119
0.9788675707473117,0.010562079880211328,0.010570349372476954
0.010416498802853825,0.010416039603953271,0.979167461593193
0.010997615409547492,0.011010043675693889,0.9779923409147587
0.012104891448940803,0.012104565630282066,0.9757905429207772
0.36461937475776923,0.009461381227024113,0.6259192440152065
0.009803167227065939,0.009802729307843526,0.9803941034650906
0.6243900452773269,0.011394968992131207,0.36421498573054195
0.010252343374880523,0.010251990761037858,0.9794956658640817
0.009338185592830351,0.009337877231993849,0.9813239371751759
0.009792203704295867,0.009791779337631132,0.980416016958073
0.013264924271980295,0.013264977980138157,0.9734700977478815
0.009264670119505544,0.009264560222144034,0.9814707696583505
0.01192470365077971,0.01192449623793666,0.9761508001112836
0.008895068030472866,0.008892488980718906,0.9822124429888082
0.0094633955722385,0.009463115835067015,0.9810734885926945
0.008666838263687748,0.008666605061477956,0.9826665566748344
0.009020081140035916,0.009018666659249589,0.9819612522007145
0.012908621486865486,0.012908026225787603,0.9741833522873469
0.011373349021343225,0.011371355306037223,0.9772552956726196
0.008479704237128594,0.00847924689179835,0.9830410488710731
0.009172794448880094,0.009172269602920275,0.9816549359481995
0.011662466167219675,0.011662523173466461,0.976675010659314
0.5439455722640059,0.010556604413965952,0.44549782332202803
0.010336800841222014,0.01033657604658455,0.9793266231121934
0.010008951246788784,0.010008758058493876,0.9799822906947174
0.007117426251826687,0.007117262274942824,0.9857653114732305
0.6827484247058514,0.013228644286597311,0.30402293100755134
0.01113749135693555,0.011149162623363648,0.9777133460197007
0.01057291592811193,0.010572474025972783,0.9788546100459153
0.9829569321471723,0.008518022590058766,0.008525045262768965
0.011176433107751094,0.011176260392199183,0.9776473065000497
0.008077013554319433,0.008076928589237585,0.983846057856443
0.013043715875973243,0.013043576542844696,0.973912707581182
0.011650398885935373,0.011649179700908082,0.9767004214131566
0.01373343880441671,0.013733180283054567,0.9725333809125287
0.016418322601663426,0.016418010667164053,0.9671636667311726
0.010553653615831665,0.010553542794109323,0.978892803590059
0.00961343866756007,0.009613242961401612,0.9807733183710383
0.00908667420864211,0.009086407044821653,0.9818269187465363
0.01095752749056512,0.010955507462706333,0.9780869650467285
0.008564237963128737,0.11903970178910216,0.8723960602477692
0.00958310968084318,0.009582921617499237,0.9808339687016576
0.009108288735409118,0.009107974311842333,0.9817837369527485
0.0121321704921275,0.012131976451585971,0.9757358530562865
0.010239410947156578,0.010238096819097339,0.9795224922337461
0.009005317663357701,0.009005089147183514,0.9819895931894588
0.011900132854208267,0.01189994283474684,0.9761999243110449
0.009598932406135312,0.009598727230065204,0.9808023403637995
0.009681810592879878,0.009681383348451644,0.9806368060586685
0.861853019042743,0.010516659087848605,0.1276303218694084
0.793673796295795,0.012444418803474926,0.19388178490073
0.012392141984860144,0.012391965412134382,0.9752158926030055
0.01011297941107631,0.010111755663054882,0.9797752649258687
0.9798691359854121,0.010062919742816544,0.0100679442717713
0.01077740317672035,0.010777495816216894,0.9784451010070627
0.010544532098236378,0.11622994759839443,0.8732255203033692
0.010509277489385734,0.010508568455226996,0.9789821540553874
0.011917745781280499,0.28026769467879964,0.7078145595399198
0.007221326909936257,0.007220715508438848,0.9855579575816249
0.009880428843553212,0.009884819409638429,0.9802347517468083
0.011166707680096607,0.011166445475146378,0.977666846844757
0.011888353556620277,0.011888198290817612,0.9762234481525622
0.011440893836297759,0.011440649411797094,0.9771184567519051
0.009284828361840877,0.009284592026860002,0.9814305796112991
0.9814542886922084,0.009270014504091274,0.00927569680370038
0.010234227464097597,0.010233884269242608,0.9795318882666599
0.00954955285144292,0.21047863924737173,0.7799718079011853
0.010636114845621701,0.010636034913101089,0.9787278502412773
0.010866190033221456,0.010865971388910173,0.9782678385778684
0.011058306615784257,0.011057956752079705,0.977883736632136
0.012869117431697734,0.012868752048286263,0.974262130520016
0.007887536453098625,0.007887341353900287,0.9842251221930011
0.009468277261578176,0.009468123158762725,0.9810635995796592
0.00990033978218418,0.009900225814300768,0.9801994344035151
0.010032625183523745,0.010032463280152937,0.9799349115363234
